-0.040000 0.100000
-0.030000 0.100000
-0.010000 0.100000
0.010000 0.100000
0.020000 0.100000
0.430000 0.100000
0.450000 0.100000
0.460000 0.100000
0.490000 0.100000
0.500000 0.100000
0.510000 0.100000
0.530000 0.100000
0.540000 0.100000
0.570000 0.100000
0.620000 0.100000
0.630000 0.100000
0.640000 0.100000
0.650000 0.100000
0.660000 0.100000
0.670000 0.100000
0.680000 0.100000
0.690000 0.100000
0.700000 0.100000
0.710000 0.100000
0.720000 0.100000
0.730000 0.100000
0.800000 0.100000
0.810000 0.100000
0.830000 0.100000
-0.060000 0.090000
-0.050000 0.090000
0.030000 0.090000
0.310000 0.090000
0.320000 0.090000
0.330000 0.090000
0.340000 0.090000
0.350000 0.090000
0.370000 0.090000
0.380000 0.090000
0.420000 0.090000
0.430000 0.090000
0.450000 0.090000
0.470000 0.090000
0.480000 0.090000
0.510000 0.090000
0.530000 0.090000
0.550000 0.090000
0.560000 0.090000
0.630000 0.090000
0.650000 0.090000
0.660000 0.090000
0.670000 0.090000
0.680000 0.090000
0.690000 0.090000
0.700000 0.090000
0.710000 0.090000
0.720000 0.090000
0.730000 0.090000
0.790000 0.090000
0.810000 0.090000
0.820000 0.090000
0.840000 0.090000
0.870000 0.090000
0.880000 0.090000
-0.070000 0.080000
-0.060000 0.080000
0.050000 0.080000
0.290000 0.080000
0.300000 0.080000
0.490000 0.080000
0.630000 0.080000
0.790000 0.080000
0.800000 0.080000
0.880000 0.080000
-0.070000 0.070000
0.050000 0.070000
0.280000 0.070000
0.500000 0.070000
0.620000 0.070000
0.790000 0.070000
0.900000 0.070000
-0.080000 0.060000
0.060000 0.060000
0.070000 0.060000
0.280000 0.060000
0.490000 0.060000
0.620000 0.060000
0.630000 0.060000
0.800000 0.060000
0.890000 0.060000
0.270000 0.050000
0.500000 0.050000
0.620000 0.050000
0.800000 0.050000
0.900000 0.050000
-0.090000 0.040000
-0.080000 0.040000
0.070000 0.040000
0.270000 0.040000
0.280000 0.040000
0.490000 0.040000
0.630000 0.040000
0.800000 0.040000
-0.080000 0.030000
0.070000 0.030000
0.290000 0.030000
0.490000 0.030000
0.500000 0.030000
0.620000 0.030000
0.630000 0.030000
0.790000 0.030000
0.900000 0.030000
-0.090000 0.020000
0.080000 0.020000
0.280000 0.020000
0.490000 0.020000
0.500000 0.020000
0.630000 0.020000
0.790000 0.020000
0.800000 0.020000
0.890000 0.020000
-0.080000 0.010000
0.070000 0.010000
0.080000 0.010000
0.290000 0.010000
0.300000 0.010000
0.310000 0.010000
0.320000 0.010000
0.330000 0.010000
0.490000 0.010000
0.500000 0.010000
0.630000 0.010000
0.650000 0.010000
0.670000 0.010000
0.710000 0.010000
0.720000 0.010000
0.790000 0.010000
0.890000 0.010000
-0.090000 0.000000
-0.080000 0.000000
0.070000 0.000000
0.330000 0.000000
0.340000 0.000000
0.350000 0.000000
0.490000 0.000000
0.500000 0.000000
0.620000 0.000000
0.640000 0.000000
0.670000 0.000000
0.690000 0.000000
0.700000 0.000000
0.790000 0.000000
0.800000 0.000000
0.840000 0.000000
0.850000 0.000000
0.860000 0.000000
0.870000 0.000000
-0.080000 -0.010000
0.080000 -0.010000
0.370000 -0.010000
0.380000 -0.010000
0.490000 -0.010000
0.500000 -0.010000
0.630000 -0.010000
0.800000 -0.010000
0.810000 -0.010000
0.820000 -0.010000
0.830000 -0.010000
0.850000 -0.010000
-0.090000 -0.020000
-0.080000 -0.020000
0.390000 -0.020000
0.490000 -0.020000
0.500000 -0.020000
0.800000 -0.020000
0.380000 -0.030000
0.490000 -0.030000
0.500000 -0.030000
0.620000 -0.030000
0.630000 -0.030000
0.800000 -0.030000
-0.080000 -0.040000
-0.070000 -0.040000
0.060000 -0.040000
0.070000 -0.040000
0.390000 -0.040000
0.490000 -0.040000
0.500000 -0.040000
0.620000 -0.040000
0.790000 -0.040000
-0.070000 -0.050000
0.060000 -0.050000
0.390000 -0.050000
0.500000 -0.050000
0.620000 -0.050000
0.790000 -0.050000
-0.070000 -0.060000
0.050000 -0.060000
0.390000 -0.060000
0.490000 -0.060000
0.500000 -0.060000
0.620000 -0.060000
0.630000 -0.060000
0.800000 -0.060000
-0.060000 -0.070000
-0.050000 -0.070000
0.040000 -0.070000
0.050000 -0.070000
0.380000 -0.070000
0.490000 -0.070000
0.620000 -0.070000
0.790000 -0.070000
-0.040000 -0.080000
-0.030000 -0.080000
-0.020000 -0.080000
0.000000 -0.080000
0.010000 -0.080000
0.020000 -0.080000
0.030000 -0.080000
0.280000 -0.080000
0.380000 -0.080000
0.500000 -0.080000
0.630000 -0.080000
0.790000 -0.080000
0.800000 -0.080000
0.000000 -0.090000
0.020000 -0.090000
0.280000 -0.090000
0.290000 -0.090000
0.300000 -0.090000
0.310000 -0.090000
0.340000 -0.090000
0.360000 -0.090000
0.490000 -0.090000
0.630000 -0.090000
0.660000 -0.090000
0.670000 -0.090000
0.680000 -0.090000
0.690000 -0.090000
0.700000 -0.090000
0.710000 -0.090000
0.720000 -0.090000
0.730000 -0.090000
0.800000 -0.090000
0.030000 -0.100000
0.500000 -0.100000
0.620000 -0.100000
0.640000 -0.100000
0.650000 -0.100000
0.660000 -0.100000
0.670000 -0.100000
0.680000 -0.100000
0.690000 -0.100000
0.700000 -0.100000
0.710000 -0.100000
0.720000 -0.100000
0.730000 -0.100000
0.790000 -0.100000
0.030000 -0.110000
0.040000 -0.120000
0.050000 -0.120000
